NOAA 15                 
1 25338U 98030A   20172.80218661  .00000076  00000-0  50386-4 0  9994
2 25338  98.7162 197.8363 0009274 250.7631 109.2545 14.25973592149455
DMSP 5D-3 F15 (USA 147) 
1 25991U 99067A   20172.90152572 -.00000104  00000-0 -29570-4 0  9994
2 25991  98.9696 144.2953 0010954  90.2735 323.9413 14.16482782 60912
METEOSAT-8 (MSG-1)      
1 27509U 02040B   20172.83022353  .00000144  00000-0  00000-0 0  9996
2 27509   6.7306  54.0938 0002151 356.8154 199.0101  1.00279413 65321
DMSP 5D-3 F16 (USA 172) 
1 28054U 03048A   20172.91318538 -.00000092  00000-0 -25221-4 0  9993
2 28054  98.9118 151.9603 0006797 206.7646 205.9825 14.13655307860271
NOAA 18                 
1 28654U 05018A   20172.84643018  .00000067  00000-0  61004-4 0  9993
2 28654  99.0432 229.3072 0013678 217.9446 142.0762 14.12519275777399
METEOSAT-9 (MSG-2)      
1 28912U 05049B   20172.69762449  .00000030  00000-0  00000-0 0  9992
2 28912   4.4319  70.1372 0001623  26.0085  68.0297  1.00279418 53101
FORMOSAT-3 FM6          
1 29047U 06011A   20172.83734459  .00000082  00000-0  48138-4 0  9993
2 29047  71.9789 103.0860 0048971  54.9028 305.6685 14.28733154741801
FORMOSAT-3 FM1          
1 29048U 06011B   20172.85610020  .00000100  00000-0  55715-4 0  9993
2 29048  71.9670  13.9549 0043519  12.1302 348.0871 14.28703353744290
FORMOSAT-3 FM5          
1 29049U 06011C   20173.20698968  .00000021  00000-0  24604-4 0  9996
2 29049  72.0191 184.9049 0033878  37.6259 322.7238 14.28785129740131
FORMOSAT-3 FM3          
1 29050U 06011D   20172.98148382  .00000075  00000-0  26232-4 0  9990
2 29050  72.0160 331.0992 0051018 317.1423  42.5757 14.58921139756941
FORMOSAT-3 FM4          
1 29051U 06011E   20172.85670359  .00000039  00000-0  31106-4 0  9997
2 29051  72.0062  87.6687 0069911 278.7359  80.5863 14.28815578742670
FORMOSAT-3 FM2          
1 29052U 06011F   20173.06629742  .00000033  00000-0  29161-4 0  9994
2 29052  72.0331 161.4566 0040302 357.0584   3.0309 14.28920597741033
GOES 13                 
1 29155U 06018A   20172.17201986  .00000050  00000-0  00000-0 0  9998
2 29155   0.1415 255.7062 0005922 293.7526 202.7547  1.00275606 51576
METOP-A                 
1 29499U 06044A   20172.90890740  .00000001  00000-0  19967-4 0  9993
2 29499  98.5216 219.5806 0000789 110.6276  71.6639 14.21500223709192
DMSP 5D-3 F17 (USA 191) 
1 29522U 06050A   20172.88200698 -.00000099  00000-0 -28922-4 0  9991
2 29522  98.8014 189.2317 0010067 161.4467 198.7075 14.14019019703193
FENGYUN 3A              
1 32958U 08026A   20172.87900575 -.00000021  00000-0  96940-5 0  9993
2 32958  98.4057 158.4387 0008191 334.7571  25.3204 14.18627624625209
FENGYUN 2E              
1 33463U 08066A   20173.08983125 -.00000192  00000-0  00000+0 0  9990
2 33463   4.3498  68.5318 0003252 316.4914   3.6319  1.00267700 42157
NOAA 19                 
1 33591U 09005A   20172.85057243  .00000046  00000-0  50440-4 0  9998
2 33591  99.1948 178.2870 0014958  68.2258 292.0503 14.12416054585618
GOES 14                 
1 35491U 09033A   20172.62111500 -.00000081  00000-0  00000-0 0  9995
2 35491   0.3297  98.1407 0008689 118.6125 171.8522  1.00271048 40181
METEOR-M 1              
1 35865U 09049A   20173.03561289 -.00000004  00000-0  16699-4 0  9996
2 35865  98.4381 159.9246 0002586 152.7936 207.3378 14.22240918558429
DMSP 5D-3 F18 (USA 210) 
1 35951U 09057A   20172.86306858  .00000030  00000-0  38684-4 0  9996
2 35951  98.6442 162.6387 0011168   5.6119 354.5177 14.13276507324164
GOES 15                 
1 36411U 10008A   20172.68817097  .00000067  00000-0  00000-0 0  9995
2 36411   0.1120 269.7977 0002760 150.2221 329.2601  1.00262195 37746
COMS 1                  
1 36744U 10032A   20172.79424219 -.00000332  00000-0  00000-0 0  9999
2 36744   0.0360  80.6638 0000639   3.7317 239.1464  1.00272577 29152
FENGYUN 3B              
1 37214U 10059A   20173.09329977  .00000004  00000-0  25642-4 0  9998
2 37214  99.0458 154.8848 0016067 256.9590 102.9789 14.15950641498191
SUOMI NPP               
1 37849U 11061A   20172.85850604 -.00000013  00000-0  14606-4 0  9994
2 37849  98.7369 110.7355 0000829  94.6601 339.4943 14.19554509448118
FENGYUN 2F              
1 38049U 12002A   20172.92640922 -.00000347  00000-0  00000-0 0  9990
2 38049   2.0723  83.5234 0001874  77.2814 194.2021  1.00281673 30958
METEOSAT-10 (MSG-3)     
1 38552U 12035B   20172.78727101  .00000072  00000-0  00000-0 0  9998
2 38552   1.0005  15.0790 0000728   6.1787 180.7632  1.00272770 28956
METOP-B                 
1 38771U 12049A   20172.88702273 -.00000000  00000-0  19779-4 0  9999
2 38771  98.6912 232.1415 0001486  52.0359 110.5948 14.21498547402519
FENGYUN 3C              
1 39260U 13052A   20173.08913357  .00000004  00000-0  23141-4 0  9999
2 39260  98.5497 223.3142 0010716 199.6119 160.4645 14.15840189349139
METEOR-M 2              
1 40069U 14037A   20172.71265691 -.00000042  00000-0  11743-6 0  9992
2 40069  98.5017 210.1253 0004556 275.7485  84.3171 14.20673028308674
HIMAWARI-8              
1 40267U 14060A   20172.95700075 -.00000263  00000-0  00000+0 0  9996
2 40267   0.0446 107.3347 0000556  25.4654 261.9842  1.00273548 20938
FENGYUN 2G              
1 40367U 14090A   20172.91438243 -.00000291  00000-0  00000-0 0  9993
2 40367   2.0926  94.5539 0002197 357.0516 246.7904  1.00267613 20103
METEOSAT-11 (MSG-4)     
1 40732U 15034A   20172.78552628  .00000012  00000-0  00000-0 0  9997
2 40732   0.8304 274.1486 0003080 212.8726  65.5002  1.00266741 18109
ELEKTRO-L 2             
1 41105U 15074A   20172.72882292 -.00000085  00000-0  00000-0 0  9994
2 41105   1.2088  97.1579 0001301  33.7556 116.7841  1.00271080 16581
HIMAWARI-9              
1 41836U 16064A   20173.14979935 -.00000263  00000-0  00000+0 0  9990
2 41836   0.0182  70.7328 0000371  16.3984  17.3819  1.00271248 13372
GOES 16                 
1 41866U 16071A   20173.12871926 -.00000236  00000-0  00000+0 0  9990
2 41866   0.0510 227.7358 0000650 262.3243 110.8681  1.00271422 13176
FENGYUN 4A              
1 41882U 16077A   20172.91438243 -.00000318  00000-0  00000-0 0  9993
2 41882   0.0495 307.5434 0004316 202.3166 193.4630  1.00278233 13043
CYGFM05                 
1 41884U 16078A   20172.71382729  .00000198  00000-0  12236-4 0  9994
2 41884  34.9574  39.7046 0014867  74.2638 285.9712 15.14633115194608
CYGFM04                 
1 41885U 16078B   20172.88069897  .00000207  00000-0  12532-4 0  9991
2 41885  34.9507  31.8456 0013211  86.6592 273.5630 15.15143678194693
CYGFM02                 
1 41886U 16078C   20172.80764051  .00000235  00000-0  13995-4 0  9993
2 41886  34.9598  34.0335 0013963  81.7112 278.5183 15.15144625194672
CYGFM01                 
1 41887U 16078D   20172.81471333  .00000218  00000-0  13368-4 0  9998
2 41887  34.9541  40.2195 0015313  76.0193 284.2220 15.14445935194607
CYGFM08                 
1 41888U 16078E   20172.80557976  .00000227  00000-0  13685-4 0  9998
2 41888  34.9512  36.0455 0014471  83.1171 277.1186 15.14861253194637
CYGFM06                 
1 41889U 16078F   20172.85245048  .00000231  00000-0  13809-4 0  9991
2 41889  34.9593  32.4449 0012908  82.0441 278.1735 15.15138519194680
CYGFM07                 
1 41890U 16078G   20172.83085675  .00000196  00000-0  11958-4 0  9992
2 41890  34.9531  31.6706 0012677  85.1939 275.0220 15.15137375194684
CYGFM03                 
1 41891U 16078H   20172.89216714  .00000195  00000-0  11916-4 0  9992
2 41891  34.9563  31.5361 0012156  84.4317 275.7781 15.15133025194698
FENGYUN 3D              
1 43010U 17072A   20173.10292666 -.00000036  00000-0  39109-5 0  9997
2 43010  98.7514 112.3916 0002486  74.4771 285.6682 14.19743941134713
NOAA 20                 
1 43013U 17073A   20172.80926188 -.00000019  00000-0  11503-4 0  9998
2 43013  98.7182 110.7037 0001093  65.3683 294.7607 14.19556095134133
GOES 17                 
1 43226U 18022A   20172.75787250  .00000110  00000-0  00000-0 0  9995
2 43226   0.0516 230.1191 0000099 188.6642 346.2726  1.00272120  8475
FENGYUN 2H              
1 43491U 18050A   20172.80131598 -.00000117  00000-0  00000-0 0  9992
2 43491   0.6496 274.1625 0003537 220.2989 142.8624  1.00271196  7578
METOP-C                 
1 43689U 18087A   20172.82211302 -.00000005  00000-0  17530-4 0  9991
2 43689  98.6975 232.3670 0001834  10.5386 349.5829 14.21492253 84070
GEO-KOMPSAT-2A          
1 43823U 18100A   20172.88279436 -.00000332  00000-0  00000-0 0  9998
2 43823   0.0480 165.7225 0001853 273.3787 276.5070  1.00272152  5671
IOD-1 GEMS              
1 44385U 98067QK  20172.69948913  .00012302  00000-0  15372-3 0  9994
2 44385  51.6406 316.1759 0002125 339.3494  20.7413 15.60267021 55002
METEOR-M2 2             
1 44387U 19038A   20173.09169187 -.00000045  00000-0 -92055-6 0  9999
2 44387  98.6199 133.0616 0000945 163.2400 196.8811 14.23679513 50059
